c = [ -14, -77, 65, 95, 92, -91, -17, -34, -77, -5, 55, 52, -67, -81, 0, 0, 0, 0, 0, 0]';
A= [ 28, 71, 98, 36, 31, -18, -48, 82, 73, 95, 65, 55, 43, -97, 0, 0, 0, 0, 0, 0; 
 53, -1, 72, 58, 24, -32, 72, 18, 24, 10, -81, -44, 26, 50, 0, 0, 0, 0, 0, 0; 
 96, -50, 23, 72, 57, -68, 37, -58, 64, -56, 12, 61, -11, 77, 0, 0, 0, 0, 0, 0; 
 81, 8, 61, -76, 75, -83, -40, 100, -11, -14, 2, 61, 30, 81, 0, 0, 0, 0, 0, 0; 
 99, 84, 67, 89, 82, 86, 88, 92, 54, 75, 71, 84, 64, 98, 1, 0, 0, 0, 0, 0; 
 29, 69, -24, -19, -10, 38, 4, 66, 81, -2, -85, 12, 82, -18, 0, -1, 0, 0, 0, 0; 
 -84, 82, 47, -42, 23, 85, -57, 66, 40, -10, 66, 68, 72, 19, 0, 0, -1, 0, 0, 0; 
 6, 41, 46, 36, -46, 16, 20, 59, -90, -17, 75, 45, -14, -61, 0, 0, 0, 1, 0, 0; 
 -77, 53, 95, 70, -93, 43, 66, -74, 83, 97, 32, 13, -54, -93, 0, 0, 0, 0, -1, 0; 
 97, -14, 97, 12, 99, 26, 21, 32, -74, -90, -68, -24, -36, -40, 0, 0, 0, 0, 0, -1];
b = [ 514, 249, 256, 275, 1134, 222, 374, 117, 160, 37]';
