c = [ -18, -35, -65, -9, -70, -52, -95, -27, -42, -92, -12, -17, -93, -29, 0, 0, 0, 0, 0, 0, 0, 0, 0, 0]';
A= [ 6, 63, 13, 27, 73, 52, 54, 48, 6, 24, 60, 83, 9, 64, -1, 0, 0, 0, 0, 0, 0, 0, 0, 0; 
 70, 38, 72, 38, 80, 48, 79, 10, 51, 44, 25, 47, 92, 20, 0, -1, 0, 0, 0, 0, 0, 0, 0, 0; 
 36, 50, 33, 74, 17, 4, 2, 74, 63, 89, 4, 19, 90, 32, 0, 0, -1, 0, 0, 0, 0, 0, 0, 0; 
 90, 92, 40, 62, 28, 76, 68, 26, 82, 59, 40, 4, 85, 62, 0, 0, 0, -1, 0, 0, 0, 0, 0, 0; 
 33, 23, 62, 84, 26, 32, 55, 86, 74, 87, 48, 82, 96, 66, 0, 0, 0, 0, -1, 0, 0, 0, 0, 0; 
 61, 35, 25, 96, 37, 92, 45, 3, 9, 8, 58, 11, 75, 16, 0, 0, 0, 0, 0, -1, 0, 0, 0, 0; 
 60, 83, 63, 13, 33, 14, 69, 62, 7, 94, 17, 24, 71, 15, 0, 0, 0, 0, 0, 0, -1, 0, 0, 0; 
 43, 37, 98, 54, 15, 55, 84, 97, 59, 59, 58, 11, 64, 42, 0, 0, 0, 0, 0, 0, 0, -1, 0, 0; 
 79, 50, 63, 94, 12, 67, 5, 57, 41, 23, 70, 40, 35, 73, 0, 0, 0, 0, 0, 0, 0, 0, -1, 0; 
 30, 92, 15, 89, 98, 100, 66, 36, 97, 58, 39, 27, 92, 53, 0, 0, 0, 0, 0, 0, 0, 0, 0, -1];
b = [ 581, 713, 586, 813, 853, 570, 624, 775, 708, 891]';
