c = [ -86, 42, -43, 29, 97, 2, 53, 49, 7, 30, 20, 46, 44, -37, 0, 0, 0, 0, 0, 0]';
A= [ -27, 64, -44, 84, 65, 75, 32, -76, -35, -1, -65, 83, 7, -15, 0, 0, 0, 0, 0, 0; 
 -77, -16, -55, 21, 53, -91, 75, 14, 60, 44, 92, 30, -7, -89, 0, 0, 0, 0, 0, 0; 
 -35, -81, 1, 93, 10, 30, -82, 40, -98, 86, 57, 76, -48, 59, 0, 0, 0, 0, 0, 0; 
 82, -36, -75, 85, 5, -29, -13, 13, -10, 56, 12, -86, 73, -42, 0, 0, 0, 0, 0, 0; 
 68, 69, 100, 94, 90, 66, 50, 59, 80, 70, 66, 72, 64, 64, 1, 0, 0, 0, 0, 0; 
 97, 75, 59, -97, 71, -36, 23, 36, -42, -29, 19, 44, -72, -22, 0, -1, 0, 0, 0, 0; 
 -96, -70, 88, -63, -45, -82, 88, -63, 60, 80, 22, -21, 99, 78, 0, 0, 1, 0, 0, 0; 
 -6, 45, 73, -59, 90, 43, -26, 92, -40, 1, 58, -73, -29, 50, 0, 0, 0, 1, 0, 0; 
 78, 57, 54, 72, -85, 13, 76, -24, -64, -35, 21, 30, 78, -42, 0, 0, 0, 0, -1, 0; 
 -31, -13, -30, -5, 41, 80, 88, -43, -82, 64, 11, 98, 17, 14, 0, 0, 0, 0, 0, 1];
b = [ 147, 54, 108, 35, 1013, 125, 76, 220, 228, 210]';
